228530
213513
226390
147303
239038
234927
151129
65539
105992
75979
260681
56380
271632
38382
233254
126922
227501
231250
180865
72433
235231
222384
265747
82558
125590
257718
166157
129196
234271
130951
184390
259280
253975
216339
48378
218793
173123
226094
118297
283709
36105
171200
150084
8416
232192
82267
191493
90481
257301
269183
97258
224573
116750
230564
120361
267645
213201
229307
216558
238463
241952
216032
210099
238155
248151
221477
123927
273419
39523
228930
87554
243146
39917
268271
13394
242275
91357
253110
133226
253002
110690
267901
111939
247771
113749
227170
268074
224142
120127
235360
79482
237367
260833
217982
227065
259956
261731
250086
196992
208408
233638
233949
141388
10530
267837
38189
128497
58642
242844
130339
150178
2170
160790
240612
93036
219103
97002
220680
46313
223030
29307
267967
264604
113224
150528
221883
117585
261670
118996
268804
119985
157571
121424
265469
123231
232362
123397
229521
237416
282485
225829
213493
257164
242588
244177
261597
215134
254390
256992
265302
266761
271980
253506
251074
264527
124054
125935
228223
261837
127701
216501
129424
265868
12974
265150
130209
170497
230316
131817
261942
259264
41998
237144
93410
200307
42200
227053
97738
204313
63446
101603
231146
102095
250284
64799
250468
214297
66229
67665
270040
49379
247313
254778
240972
7564
240497
53562
265690
233343
270757
241854
234929
172075
156392
219787
256678
257990
205740
217728
250437
208697
209702
244814
220615
229361
234811
261715
138242
209567
136231
172925
256979
228920
232895
260037
232048
124074
136012
124806
157604
84040
266927
187568
127037
257685
127212
258242
128538
128760
251289
39166
240820
87759
269407
129412
249533
129946
218272
130642
269046
130659
265320
90122
237446
169541
131790
237389
235582
98478
45118
261323
101622
246834
251318
47626
215320
108461
248845
110014
251549
111647
233307
50317
230021
235148
71556
228926
71152
242298
116087
259953
116122
258117
75891
117256
241895
51664
269454
1522
243565
121656
226804
183356
263034
266209
256093
253504
246252
228581
238639
220771
210464
255722
203506
178010
217003
253937
220945
221748
264206
253417
255566
229761
246458
216272
167384
250355
249021
172266
155605
270252
188390
229586
145566
248276
223294
206371
172024
167193
168664
226521
246773
253305
235905
263049
245012
246531
270505
196958
82590
232972
124336
37140
228877
125072
83943
245330
125587
84667
262499
38358
244470
127003
180543
262289
244017
129456
261560
129664
247389
260488
39743
243114
59421
131682
259632
131878
238227
91101
258380
91496
256511
92017
239492
176586
92074
244938
61263
261990
92853
200361
93159
247820
93173
224281
93798
246789
42332
178709
94922
62002
267076
96253
248498
97287
98035
266343
98530
195494
221606
44986
225191
63733
99936
222912
100864
266252
101369
164774
23552
265168
102874
264515
102947
158682
103336
261221
29192
236368
105539
105971
47879
239482
107781
152842
109212
236243
109928
233248
7115
247371
267624
69219
270425
30996
162913
72358
235372
238336
32066
231747
51643
235712
116102
229684
31823
281575
32672
242453
32737
259733
75772
239412
75915
241861
117847
265444
33382
242181
269050
77434
243447
7610
232660
252266
119160
119313
246224
119534
234973
78321
78380
211077
79517
265863
121128
256081
121253
204199
79668
256901
79788
247259
261091
80433
220379
122246
266001
122602
197214
122878
55319
270635
123292
255902
251457
252017
197308
246175
226513
262856
228736
252310
274305
254678
200105
256684
228075
231208
209191
251094
211499
211866
254470
215626
264271
255326
232481
165495
253509
253344
256108
254584
240952
234462
232016
183647
237544
197127
263612
255919
235947
208486
264380
264250
210836
213138
267422
222850
261047
261482
223024
197080
272116
223093
224439
255088
234971
231795
234426
249574
242034
246427
254928
244633
258101
183397
247824
144458
264956
235252
281746
251415
123785
238877
225275
123832
240036
36675
82339
230452
258529
230605
82352
263597
124019
249204
56127
261516
232058
8528
238036
124920
255148
125054
125428
254999
56583
264269
125648
126148
228020
84673
239307
158598
264336
1729
262959
127582
254193
183879
128257
87534
242976
128789
263600
128937
129112
154761
39555
268603
129816
279350
256157
130904
226214
131312
90621
250608
243258
132385
152444
235671
132719
191932
91217
280056
146541
91413
223162
249018
60876
133667
156592
92513
42034
269875
93359
270859
62381
251000
97003
63023
275819
97993
255437
98004
242580
63255
268857
98701
229865
63691
268400
98869
253285
99018
267647
99585
266862
99620
266580
63973
266431
100311
100489
267025
100860
226199
100871
225592
101159
45843
224416
45923
266498
102359
264669
64753
237627
64775
167253
46487
235317
104609
227981
105147
164141
105169
258549
105271
105054
169077
226014
106493
107119
144954
47827
228863
47932
107684
271882
48383
264568
108639
255097
29771
261963
6867
239154
112076
112182
257131
68636
229016
112963
245334
50235
154748
69296
259308
69417
233440
70157
244055
70687
225898
114107
229306
31479
228645
71364
282066
71717
233891
114693
239676
71743
114847
73186
243015
32049
228657
116035
75520
155105
116974
117123
229564
117458
258952
172410
199853
77763
119700
221759
119899
216238
254008
34837
231712
120085
120082
232971
78452
233545
78548
234119
78999
229197
237011
79264
237390
227541
35426
264007
79755
272104
208643
121537
239225
270789
209128
122006
80282
253564
226554
122181
35813
122348
267262
238632
242992
81022
230268
122571
244865
122849
253031
259199
36382
228876
225697
81928
238355
123377
233578
123355
82036
246567
233131
223322
248803
261022
261006
239497
236009
221862
263644
222438
247191
220665
155581
229055
211489
208260
250728
240482
226780
262664
237615
255627
232550
236907
241142
239156
239490
241273
244570
191036
260546
245279
200206
249107
234833
237737
264240
229453
241325
280388
250396
167608
207246
218242
218003
230845
231408
216163
216513
226997
263499
220146
223505
252574
224707
253289
157995
233353
256187
256436
252059
232654
242316
206469
223868
245721
229754
234857
221013
229029
165859
223963
257382
172004
207719
236563
236566
165361
149648
233498
251244
229331
208393
261859
250706
245797
269896
259811
266061
241053
217267
230635
222191
180766
271485
157749
254744
243283
227432
195565
208153
228723
247350
260098
251145
224323
150288
251914
218210
244868
236921
255076
262580
224326
246452
216301
232320
235362
237432
252581
239973
237449
230367
169603
250105
232948
246493
229852
207485
224819
225283
141778
220181
82252
231060
255951
123990
258316
124068
82688
8596
257412
82731
82740
210053
124747
83092
227643
124799
83162
240283
83488
208215
83528
235384
125259
249055
37516
243637
125312
207411
274276
83708
210388
37618
137160
56786
125666
83968
152897
125698
230028
125866
243318
125874
241938
125923
219007
126059
260493
254925
126095
247705
56984
251819
126181
57133
268663
126335
271403
126364
57140
267254
126498
229488
84885
255527
220708
126574
38247
258480
84935
228582
84962
251554
126719
254367
236430
126742
126811
126873
126896
255624
127209
165248
127479
218808
57710
222763
85964
140263
127642
242306
127765
238665
245802
86438
228576
58009
245470
86583
257818
213632
128328
227313
86994
145057
174910
260869
128648
87114
153811
128828
209345
128874
237961
231675
129088
129100
271414
87548
241570
269499
1978
140242
177062
39562
261811
129445
249338
129581
249287
260484
88232
242172
87986
207103
12312
129856
151302
58973
130069
247947
2100
176231
130229
249992
143098
140592
39924
269752
130369
239136
218300
12742
39977
234571
130589
130701
236473
89405
237529
143551
131054
253967
12871
12877
269067
131291
227544
12965
89856
227905
40528
207977
131558
242656
135521
12797
167142
90035
247529
59926
216383
131904
265068
13063
258154
132111
206402
13282
141241
90555
168948
132226
256338
60050
90627
250505
215226
13309
262973
132463
267692
132492
218457
90798
195579
90806
236202
141341
91239
133121
153635
237967
91582
236306
60893
216050
5311
220207
92150
267981
92384
155712
13794
209201
61019
242001
134098
134111
267795
799
271650
244114
92763
207153
2261
242033
13890
231695
233835
5358
225220
236255
13956
162442
14103
94471
255752
94971
170731
95174
261922
61945
858
14665
227115
62222
176509
43349
239145
97754
243721
231484
98109
149611
98286
279861
98998
63661
239774
63785
18903
184199
63934
152305
100681
100813
137065
45485
240436
101471
265964
64586
45806
227475
64683
221323
259261
64818
46256
261556
102996
64998
103323
46456
233683
103628
103817
259908
104131
207648
104406
224482
104439
136227
47045
265338
104479
238772
104689
65491
187666
65671
65710
224314
65704
197017
106023
166847
106172
106296
209498
106348
106124
29228
106713
66247
211089
66296
233730
378
29297
210158
29293
250757
107489
213239
107728
66805
268079
108430
144199
108609
271303
48084
141023
108665
233782
48270
237487
48457
252265
48624
109577
48677
110352
230290
110620
155886
110840
211340
110964
255686
111683
162650
111685
232901
49561
49686
112146
49785
112376
112383
228275
112503
246562
50068
68327
112655
135977
6841
239891
112744
158428
68608
240119
68686
113070
254433
30660
236350
69026
210504
30898
253291
50542
209374
69525
31250
241388
70354
158768
70633
252222
50859
251807
114101
229213
114110
144678
114173
257328
71275
114266
266033
71389
238971
114340
150848
114355
114362
262397
51064
157661
71902
260531
114553
114625
51179
231441
72211
267971
72296
206030
72448
222140
270709
257728
115185
252728
115450
149261
227895
115473
239376
223524
115538
243071
145058
248243
74286
240255
51999
222146
74765
258095
151638
116254
225114
116351
247666
116575
232372
7391
231897
52361
207798
116967
150576
117014
231854
245145
238663
117302
212047
33023
252197
76102
165370
117441
217324
200050
117505
227646
117611
3706
143330
52852
163153
117779
241880
117901
118264
118356
241255
33596
228349
53128
256285
118478
225927
154941
77161
235104
118823
119010
206436
221878
53715
251720
119237
119326
217302
172735
119552
53795
78103
251559
238510
120172
268273
120301
141674
120315
229409
137434
120347
197223
34744
233882
260740
120638
261785
35185
176507
79004
239810
54307
120876
140123
120940
248596
120945
147240
120964
241826
8015
243841
121487
228441
4064
239726
121579
268135
35513
269684
80133
222405
254552
121896
8017
122182
223138
215155
80546
240908
4139
263164
55177
221470
122665
240991
122703
122836
245363
122870
269329
122902
254671
36244
227211
123000
224131
55347
123171
263921
170362
8299
270813
55507
137132
55550
123523
244265
4223
268149
161165
248586
238209
167682
269012
217636
211638
159226
254707
149442
280792
238943
236884
207386
223488
209912
249885
267874
214785
223106
231910
218663
218206
172928
227022
220069
151968
164047
231595
139781
268684
181263
216171
226707
183960
246241
222859
230653
212171
180905
206446
240016
255504
233902
251390
265997
246506
241021
228722
228692
236754
261400
138540
151546
215378
177847
146841
261850
258314
233093
176221
254443
226178
261317
217013
229575
263261
161053
143197
234140
248623
230383
257028
178073
262177
216962
244536
224904
237531
230284
137436
280370
252297
237976
222818
228495
233584
270637
218050
249277
242559
140128
158202
221025
209420
231892
237454
225952
269742
268823
144862
252869
263584
252342
225729
230253
255191
264411
188397
151744
241792
203966
229716
250211
249151
150108
208801
253192
231632
268360
136355
270680
213444
229540
147330
236594
232080
234829
144322
241362
229854
225262
237657
240473
230646
211052
236757
262150
250377
232889
234120
261807
223499
217782
174681
258261
232113
260539
267949
227790
208181
221810
214265
241669
278164
253502
249224
265965
230505
268981
270717
224433
240343
236412
266070
252370
252562
141771
248680
144400
240933
139355
218012
247970
258488
254192
184370
152918
244494
239549
171117
170837
256138
141875
235678
232412
234033
266230
210004
227811
257363
264117
224883
227345
145374
208737
228959
236186
267810
231092
237361
266657
154227
136128
215937
256471
271893
271717
267358
154058
244936
226410
226577
230629
219166
271940
259366
172832
234172
227834
240856
258199
250423
232507
255318
227956
239516
232984
156171
167672
269248
255196
245309
166521
246032
266017
254963
242788
231414
212403
210596
223835
192015
209588
259527
238367
236529
136924
235329
227510
231894
223216
257043
237315
254528
223327
225625
258926
217642
280101
220732
270627
271364
240755
165787
267873
233014
239997
229576
240346
224025
271667
231706
254059
171660
262156
219495
267565
214759
180544
222445
220550
233065
248356
145811
199907
171058
228411
249718
223772
229728
257099
262151
207345
142423
155035
255106
169499
267349
232626
150677
248610
229712
212405
140672
259789
242269
136745
137038
230834
249712
138203
224442
259342
265442
220822
268311
254562
261254
256440
136105
229766
241259
209304
138842
242096
155038
229618
236992
266278
237415
217418
252762
224656
152370
206481
207277
238782
153641
149556
269223
221216
224647
269174
221286
156578
140188
156468
247432
261393
240066
252546
151025
246523
242350
154933
181009
264519
245057
234405
221874
270214
180857
231612
261591
234125
271298
228538
213638
266798
191220
246398
227843
258132
137905
178606
224959
238291
226838
224688
236517
249845
219670
226526
230592
137717
253710
239420
225026
224888
147307
230009
280333
244451
184184
222713
257958
256953
137214
256624
164337
271837
176313
267128
235583
212664
218772
191779
271714
236199
238494
146126
237556
270075
244734
261490
222726
156008
263911
183688
167837
228274
263782
145538
143798
170376
214565
206105
217444
152390
208632
133587
133374
133848
133371
133370
134012
134034
8334
133363
133361
133360
133359
133356
8343
133354
36569
133351
55671
82046
133345
123653
123654
91688
133337
82050
123657
123658
133330
123661
133325
36570
55676
123664
133318
123668
133314
82063
133307
123672
133305
133303
123673
133300
133298
36589
55684
82069
123676
123677
123678
123681
133282
55685
82080
133278
123685
82084
123688
55692
133265
82087
123693
133259
123694
133254
8345
36599
133249
55698
82091
123697
133244
123701
82095
133239
123702
123704
133232
123707
55702
82100
123713
123715
133221
133218
123717
133215
36609
133211
82122
123724
133207
133206
133205
82123
133196
55710
82125
123733
133190
123735
133187
123738
133182
55712
82132
123739
133177
123743
4259
36628
133168
82142
123747
133161
82143
82147
133154
133153
133150
123754
82149
82151
123755
123757
133139
123760
123762
123763
133133
123764
36626
133128
55729
82160
60555
82166
133120
133117
133115
123772
82167
133111
123773
123774
82171
55727
123783
133100
123784
55730
82176
134655
133091
133088
8366
133084
55734
133080
82184
133078
123791
133076
123792
82187
123794
82195
123797
133065
133063
123798
133061
123801
133058
55742
133055
133052
82201
123809
123810
4256
133042
55750
82206
133038
82208
123818
82214
133031
123820
82216
133026
133025
123822
123823
8368
133021
82219
133019
123824
133011
133010
133008
55757
133005
133003
123835
133001
1705
132999
8374
55760
82235
123836
132990
132987
82236
132985
123840
82238
132980
132975
123843
132970
123846
132966
132965
132964
55764
132962
82247
123851
132957
123853
132951
82250
123858
123859
132947
1715
132941
36688
132937
55770
132934
132932
123866
132928
123868
55774
82262
123872
123873
4269
132911
132909
132908
55780
132902
123878
132899
55781
123883
82274
4275
132883
132882
55783
132879
82278
132877
123891
123892
123894
132866
123896
132864
132862
132856
8381
132851
36702
132849
82290
123903
123904
55790
123906
82298
123909
82299
132831
82301
132829
123918
123919
123921
82313
132812
123923
132810
243
132808
36721
55803
82314
123929
8390
82319
132798
123931
132795
82322
123935
134262
134277
132787
4278
36724
55809
132782
82325
123936
123940
82333
132770
8392
55817
123948
123949
82336
82342
132754
132752
123953
123956
123958
1723
132742
8395
132740
55819
123960
82350
123962
132733
132732
55821
82356
132729
123969
36745
132725
132724
132723
82362
132721
123970
82368
123976
123978
123979
132712
132710
132709
134273
8400
82377
123980
132695
132694
132692
132691
132689
36750
123988
55831
132683
132682
82379
82378
36756
132671
132670
132669
132668
132665
132664
132663
82382
82385
123995
55839
132654
82387
82388
132649
55845
132647
82395
132644
124002
132641
124008
124009
124012
36765
132629
36767
132627
124014
132625
55857
132622
132621
124020
82414
132614
132613
132612
132610
134035
134479
592
55858
82419
124025
124026
124027
82427
124030
132593
132592
132590
124034
132585
55865
132581
82434
82438
124042
124045
124046
132570
1731
8413
55868
82441
124050
132558
132556
132555
124051
132553
132552
132551
55867
82447
82448
124056
55883
82451
124062
82460
124064
124065
132530
82461
134644
134647
4292
82462
82464
132519
132517
124069
132513
124072
132509
132508
132507
55890
82473
124080
134695
82475
132497
124082
132495
90783
124081
82484
132485
124087
132482
132480
82487
8415
36807
82488
132471
132470
132469
124092
132462
82489
124094
82497
124098
124100
132455
36818
82498
124103
132448
132443
124110
124112
594
132437
8436
132435
36821
55913
82512
132428
124118
82515
124119
124121
82518
132416
132414
132411
124123
36824
132407
55916
132405
124132
82528
132397
55922
82537
124135
124136
132386
124138
132384
132382
82542
132379
132377
132376
124140
124143
132371
132370
55926
82545
124146
124149
132363
124151
132359
124153
124154
4304
132349
8438
82552
124156
132343
132340
132337
124159
132332
82556
82557
132325
132322
132320
55929
132318
132313
55936
132311
132310
124167
132307
124168
132304
82561
132302
124170
55942
82562
124173
132295
132293
132290
132288
132286
132284
132283
124177
36860
55943
82565
132275
124182
82572
132269
124187
124189
55947
82574
124192
132259
82575
132256
124195
82581
132250
124197
132248
132243
132242
132241
124199
132238
134143
132232
4314
132228
132227
90576
132225
132223
4319
132218
8444
132215
55956
82583
132204
124204
132201
82584
132198
132195
132191
132189
132188
132187
132184
132180
132179
124206
82585
132169
124208
132166
82586
132163
132160
55955
132156
55964
132149
132146
124214
132141
82587
132138
124216
82591
124219
132129
82596
124221
132121
132119
132116
8448
55967
90514
82597
124222
82598
124225
124226
55970
132096
132095
132093
82599
132089
132084
132083
124228
132079
132076
132075
132074
124231
124232
36896
132065
55971
132058
124239
124241
132046
132045
132044
8459
132041
55979
82611
124244
132034
124247
124248
132029
82617
124249
124250
132024
132020
132019
82618
124256
132013
132010
132008
124261
132006
8462
55992
131997
82626
131995
124264
131992
124266
131989
82627
124267
124270
131981
82630
124272
131972
124274
131968
55994
82634
124278
82637
124281
55996
131950
131949
131948
131945
131944
131943
131941
82639
131932
124282
131930
131926
82641
131923
124284
131920
124287
134505
36924
131910
56002
131907
82643
131903
124288
131901
131895
131892
131888
124297
56008
82651
82652
131875
124303
56009
131872
131869
131866
82653
124304
82654
124307
131860
131858
131856
131852
131850
131849
124308
131846
131844
56016
82655
131834
124310
124314
82659
131824
82664
82665
124321
124323
124325
131815
82668
124326
82670
124328
134633
131802
8477
56028
82671
131795
82677
131792
124338
131789
56035
124344
131783
124346
82684
124347
82685
8480
131771
131770
131769
8483
131764
131762
56036
124354
82690
124357
131755
56042
131752
82691
124359
82693
131743
124364
56046
131739
82694
131736
124365
131733
124366
82696
124369
131727
131724
56047
131721
131718
131716
131715
131713
82701
124375
134025
131708
4330
36975
82704
124376
131700
124378
131694
131687
82707
124381
124382
131681
124383
124385
82711
82712
124388
124390
82716
131668
82717
131664
8488
56061
131660
82718
124398
82719
124400
56063
82720
131646
124403
131643
124406
36987
56066
82724
124408
124409
131632
124412
36992
131626
131624
56073
131619
124413
124414
131615
82733
131613
131607
8501
36999
82734
131602
124418
131599
124419
56076
124425
124427
56081
131587
82742
131585
124428
131581
90030
131577
131573
131572
82743
131570
131569
131568
124430
82746
124434
131557
124435
82749
124437
134433
8503
56090
82750
131543
131542
124443
82752
82753
131531
124448
131528
37019
131526
82757
82759
131520
124453
124454
124458
134031
134518
37041
56098
82765
124460
82766
131503
82771
124465
124467
131496
82772
56104
131491
124473
124476
82776
131485
124479
82777
4327
37033
131475
82780
131472
124483
131467
124482
37042
124488
124489
82781
124491
37045
131455
56117
82785
124494
131446
82788
82790
131440
131438
124499
89870
82792
124501
124502
131429
131427
8506
8511
56126
82794
82796
124507
131418
124508
124509
131413
131412
124513
131409
37066
82805
124517
131400
131399
131398
124518
131395
124520
131392
131391
124521
56131
131387
82806
124522
124525
131378
131376
131375
131374
82807
124527
8524
82810
124530
124532
124533
82814
124536
131360
131357
131354
124538
131349
124541
131345
131344
124542
37074
131340
56141
82818
124543
82821
131331
124547
124550
124551
131326
131325
124552
131320
131318
134028
131314
8525
131309
37097
131307
56143
56149
82830
124554
124555
131298
124557
82835
124560
131292
124563
124564
56153
82842
124566
124569
124570
124571
124574
124575
131273
131272
124576
124577
131267
56155
56159
82851
124579
131256
124585
124589
131251
82861
124590
124591
124592
56162
82866
124596
131238
124604
56166
82867
124607
124609
8533
131229
56171
82878
131223
124614
131220
124619
131217
124621
131213
82881
131210
131209
131208
124622
82886
131203
124627
56178
131197
82888
124631
124634
131191
124636
124638
82895
124642
82896
131183
124645
124646
8543
37118
82903
124647
124654
131170
82908
124656
131162
131160
124658
124659
124661
37128
131153
56187
82910
124665
131147
124666
124671
56188
131141
124675
124676
82923
131135
124679
124680
598
8549
56195
131125
82925
124681
124682
131118
124688
124691
82927
124693
131111
131110
131108
131106
131105
124695
131103
131102
82934
124698
131092
82935
131089
131088
131087
131085
82939
124699
131081
131078
131076
131075
124701
124706
82940
124707
82941
124712
124714
131062
37130
56202
131057
82947
131055
89470
124715
124717
131048
124722
131045
56204
131042
82952
131038
124723
124727
82956
124730
56213
124732
124734
131027
124735
124736
131019
131017
124737
124738
124739
124744
1745
8556
37163
56217
131006
82972
124746
131001
89416
130998
82974
130995
124749
82977
124751
124754
130986
124755
82983
124756
124757
130977
130976
124761
130972
130971
82989
124762
130965
124763
82993
124765
130961
124767
8566
56226
82995
124773
83000
124777
124778
83003
37180
83004
130945
130943
124783
124784
83005
124785
124787
130933
130932
56231
124789
134017
130919
4360
130915
130914
37189
130911
83020
130909
130906
130905
124793
56237
83026
130894
124798
130891
56239
83027
124800
8574
124804
130879
124805
130877
56246
130874
130871
83033
130869
130868
83038
37192
56249
83042
130861
124816
130859
124817
83044
124818
130854
83052
124822
130848
124823
124824
37203
83054
124827
124828
83060
124831
130833
124833
8573
130827
37208
56263
83066
130820
130819
124835
124838
130815
124841
83076
124842
124846
130802
37217
124848
124849
124850
130792
130791
124851
130788
83085
130783
130781
124854
83086
124855
8580
130772
56276
83089
124860
56279
83102
130761
124869
124871
124872
130755
56284
83111
130747
124875
134023
8592
37235
56285
83112
130735
130732
124878
130730
89122
130727
130724
83116
124879
124880
130717
56289
130714
130710
130707
83121
130705
130700
124883
130696
56291
130693
83128
130691
130688
124887
56297
130680
130678
124891
56302
83137
130672
130670
124896
83140
124897
83144
56304
130657
83152
124901
130653
124904
56306
124905
83159
134447
4377
130638
56309
130636
130635
130634
124910
83166
124913
130619
130618
130617
83167
124915
124916
8597
130606
83177
130603
124917
130600
130599
130598
130595
130594
130592
130587
124922
130584
130582
37276
130579
56329
83188
124926
83189
130569
130567
83192
130564
124929
130561
130558
130557
83194
124931
56332
83197
130549
124933
124934
130544
83202
83205
124940
8616
130535
37301
130532
56336
124943
124944
130527
83206
130525
83217
56341
83221
124951
56342
124953
83228
124957
56350
130508
83240
130507
124959
124961
130501
124964
124967
124969
56351
83244
83245
124974
124975
83252
237
37315
130479
88854
83257
130473
130472
83260
130466
124983
124984
124986
130462
83264
124987
83266
124991
56369
130450
130449
130448
130447
83267
124992
83268
124998
130437
124999
130434
130431
8619
130428
37329
130426
130425
130423
56371
130419
130415
130414
130412
125003
130409
83284
130407
83286
130404
125007
130402
125009
8620
130397
130396
83293
130392
125015
130390
130389
125016
130385
130380
83297
130378
130373
125018
130370
125021
130363
125022
130361
134019
130358
4384
8622
37348
130351
130349
83304
130345
125023
125024
130340
125027
130334
56387
130331
125032
125033
56391
130320
83317
125036
125037
83325
130310
130309
125041
125043
4394
37354
83330
130300
125047
130298
130296
56393
130291
125052
130290
130289
125053
130286
83332
83335
83338
130273
130272
83345
125056
130268
130267
125058
125060
130262
83349
125068
130256
8639
37365
83355
125071
125073
130244
88599
125074
83359
125075
130238
130234
56411
83360
125080
83367
125082
130223
56415
130221
83371
130219
125089
125090
125091
8641
83381
125092
125093
125097
130200
125100
130198
125101
37383
130194
83385
130192
125105
125106
125108
56427
130183
83395
130181
125109
130173
125113
133946
130170
133986
130166
4406
37398
56436
83402
83404
130153
125116
125117
125119
130143
125123
130141
130140
125124
130136
125125
83412
125127
130131
130130
130129
125128
130127
130123
83417
130118
130114
125133
125135
37410
56445
130104
83425
125138
125140
83431
125144
83433
130093
83435
83436
130087
130084
125147
83440
125155
130077
125157
8647
37416
130068
130067
130066
83454
130063
125159
130059
125162
130055
130052
130051
130049
130047
130042
125168
130038
130035
130033
37423
83462
125169
130025
130020
125172
130017
125174
56463
83465
130006
125175
125176
83466
8661
129995
56465
129988
129987
129986
83472
129978
129977
129976
125179
125181
129969
129968
125183
129964
125185
129957
37428
129951
83487
129944
125192
129942
125194
129940
56469
129929
56474
129927
125197
125200
129922
129919
129861
134257
4423
37445
56476
83495
129845
129843
125203
129838
129832
125206
56480
83496
125208
129821
129820
129813
129812
125211
83509
125213
129806
125215
125216
83513
129798
125219
129796
125224
129790
8669
37454
83518
125226
83519
129778
125228
129776
129773
125232
125233
125234
8674
129767
56497
129759
83535
125242
129755
125244
129753
8676
129743
37468
129738
129736
129735
83540
125248
83544
129726
125251
129721
125252
129718
129716
129715
56506
129710
129709
56509
129702
83551
125260
125261
129697
129696
83553
129693
125263
83560
129687
129686
83562
125269
37490
129675
56512
129673
83568
125272
56516
83571
88114
125276
125277
83572
125278
83575
129656
83578
125281
125282
125283
125284
129644
83580
129642
129637
125289
129635
134003
129631
129630
134007
129624
129623
1797
129620
8691
129618
56526
83590
129608
129607
125292
125294
83593
125295
125296
129601
83596
125299
125300
129591
37509
83597
129587
125302
130076
125303
83601
129579
129577
129576
125307
129571
56532
129567
129565
56535
129561
83607
125313
37495
56539
125315
125317
129551
125318
129548
83617
129545
129542
129541
125322
125323
37512
56542
129533
125325
129531
83625
56547
83629
129523
125330
129515
129514
134011
37520
56550
125335
129506
129505
129504
125337
129499
125338
56551
83641
129494
125340
129487
125344
56554
125348
125349
83653
125351
125352
125353
129475
125354
8699
56564
129468
83656
129466
125357
83659
129460
125359
83660
87890
129451
129450
125363
129444
83669
125364
129439
129437
129436
8700
56566
83671
83672
125369
125371
129426
56567
125372
129421
125373
83682
125375
1791
129411
4435
129410
129408
56573
83685
129404
125377
129402
83686
125381
129396
129394
83687
125383
129383
83691
125385
125386
8706
125388
125389
129370
129367
56577
83697
125394
129357
129356
125397
129353
129352
1802
129349
129346
8713
129342
83709
129338
125400
129333
129332
129331
125401
129328
125404
129322
125406
37561
56592
83715
125408
83721
125412
83723
129304
83727
129301
125417
125418
624
129295
1808
129293
56596
129288
125419
125421
129283
125422
83730
129277
129275
125425
83735
83736
56602
125431
125435
125437
8723
37573
129256
125441
125443
125444
129251
129250
125448
129243
56613
129241
83763
129238
125451
125453
125454
56617
129225
125461
129221
83768
125462
134000
4445
8736
37585
56621
83770
125464
125465
83777
83784
129199
125471
129193
56630
83788
125473
83789
129184
129182
83793
129178
37596
56631
83802
129165
125484
129161
125486
129159
125487
56638
125489
125491
125494
125495
56639
129141
129139
83812
129138
129135
125497
129131
83815
125499
56642
125502
125503
129120
8726
129116
56644
56650
129110
129109
83821
129106
129104
129103
125506
87515
129098
125508
125509
83825
87504
129086
129085
129083
125516
56652
129077
83833
125517
83837
129072
129071
125520
129069
56654
129066
83840
129059
125525
83844
125526
129055
125527
129052
129050
8741
8744
56656
83847
83849
125532
125533
83852
125536
83854
129030
125538
37622
83858
125541
129020
125543
129017
129016
129012
56665
83865
125546
129003
125550
134258
8753
56668
83871
125551
125555
128989
125556
83879
128985
125558
125560
128980
128977
128976
37631
128972
37639
128968
56671
83880
125564
128963
83886
125565
56674
128957
128953
83891
125569
125570
83893
128946
128945
128943
125572
83896
128938
125574
125576
128933
125577
128931
128929
83899
128926
83900
128919
128918
125583
128912
1823
128909
128908
37650
125586
56684
83905
128901
128900
37646
83915
128896
128895
128892
128890
128889
128887
125589
125592
8749
128883
37663
128880
128879
128876
56696
128873
83919
128863
83922
128860
125602
128858
128856
83923
125604
125607
128850
56697
83927
128846
125609
128840
83930
125610
125612
128835
83932
125613
83936
128830
128824
8760
128822
8767
56703
125620
83941
128811
125622
37672
128804
56704
128800
128798
125623
125625
83948
125626
125628
128790
87187
56707
128786
83952
128784
125629
128782
83953
125632
56711
125633
125635
133991
4462
128767
128766
8778
128763
125638
128756
128754
125640
128751
37683
128749
125644
128740
128739
56722
83972
128735
125650
128732
128730
83983
128722
128718
125656
128716
125658
8780
83989
125659
125661
83990
125664
128702
128701
128696
128695
37697
83993
125667
83994
37699
56732
128682
128680
83997
125672
84001
125674
128672
56737
125677
84006
125680
128663
125681
133995
128659
84012
128654
128653
125685
125687
84014
125688
84019
128641
128634
56739
128632
56749
125696
125694
84028
125699
125702
125703
125704
8782
8791
128616
37719
86999
128612
128609
56751
125708
84041
125714
125715
128595
128593
128592
56757
128589
84047
128586
125716
84048
125718
125720
86956
128577
128575
125723
128572
1826
128568
8801
37734
56759
84057
125727
84064
84065
128550
125735
56771
128545
125738
125740
125741
84075
128536
8802
84077
128530
125750
128524
128520
125754
84090
125755
128512
125759
56782
84091
128508
125766
128501
125767
128498
86870
125769
1831
128490
128489
8805
37746
128484
128483
128482
84105
128478
125773
128473
125779
56784
84107
128465
125781
128462
125785
56793
128457
84116
125788
128452
84117
128447
125793
128445
84120
125795
128438
84121
128434
128430
8818
128426
37759
128424
84123
125798
125801
56802
84130
125808
84133
56806
84140
128407
128404
128401
125817
125818
84147
128392
125819
125822
128387
133983
1854
8825
56808
84150
128375
125827
84157
128370
125835
84161
125837
128359
125838
84171
128350
125840
128347
125841
128345
128342
125846
128340
37777
84179
125848
128331
125851
86684
128327
125853
125855
37794
84186
128316
125858
125860
128311
84180
128308
125862
84191
128301
8822
128297
8826
37797
125869
128292
125870
56835
56838
125875
84204
125876
56840
128279
84205
125878
128272
125883
84215
125886
125889
8841
37806
84221
125892
128255
125893
128254
125894
125895
56851
128247
84223
125898
37822
128237
128233
56854
128229
128227
125903
128224
128223
128222
125904
125907
128213
128212
84237
125908
125910
125912
8846
56863
84241
84247
125915
86548
128191
128189
125916
84249
84250
128179
128175
56858
56866
84260
125924
128166
125927
128163
125930
125931
8845
37828
56868
84265
128148
125934
128146
84268
128142
125939
128138
128137
125942
128132
128129
128128
56876
128125
128124
128122
128120
128117
128116
128113
84278
128111
125944
128108
84284
125947
125949
128094
8851
56883
84291
128086
84297
125959
128078
128077
128073
125962
128069
84301
125964
125965
128061
84304
84305
128054
125968
125970
128045
84313
84314
128039
8864
56894
84316
84318
125979
128023
128022
128021
56899
125982
125983
128012
84322
128009
128008
128007
128003
125985
37876
56900
84327
127996
127994
125988
125989
84329
125990
127986
56901
127983
84338
84339
133977
4473
127971
8873
37879
84340
127967
84344
125999
127957
84350
127955
126003
127951
126008
127949
127948
37880
56914
84351
127941
126009
126010
127937
127933
56916
127930
84357
84362
126017
127921
127918
127916
127913
127912
37882
56918
84364
126019
126022
127897
84366
127894
84372
126027
126030
56921
126033
126034
127880
126035
56929
84381
127871
84387
127865
126038
127860
127858
8865
127855
8875
127849
56930
134697
134699
134702
134705
134707
134708
134712
134717
134718
134719
134720
134722
134726
134728
134729
134731
134733
134734
134737
134738
134739
134740
134743
134745
134746
134748
134751
134752
134755
134756
134757
134758
134759
134761
134763
134764
134766
134767
134769
84388
126043
134772
126044
134775
134777
134779
134781
134782
134785
84389
134787
134793
134795
134797
134799
134800
56931
134803
134804
134806
134807
134808
134809
134812
134813
134815
134817
134819
134820
134821
84390
134825
134826
134830
134832
134833
126047
134837
134839
134841
126048
84396
134845
134848
134852
134853
134855
134856
134859
134860
134861
134863
134869
126053
134873
134874
134876
37905
134878
134880
56933
134887
134889
134890
134894
134895
134896
134898
134899
126054
134903
134907
134909
134910
126055
134913
134916
134917
134918
134921
134924
134926
134930
134931
134932
134933
134935
84403
134938
134940
134945
126058
134947
134949
134952
134953
37907
134956
134958
134963
134964
134967
134968
134970
84408
134973
134974
126061
134980
134981
134982
134983
134984
134985
134991
134993
134994
134996
134998
135002
135004
135005
135008
135011
135012
135015
135017
135018
135020
135021
135024
135027
135030
135031
135032
135036
135038
135039
135040
135045
135046
135048
135049
135050
135051
135053
135061
135062
135064
135065
135066
135067
135069
135070
126063
135075
56945
135082
135083
135085
135086
135088
135091
135092
135094
135096
135097
135099
135100
135103
135105
135106
84413
135110
135112
135113
135117
135119
135120
135122
135123
135125
135128
135130
135132
135134
135137
135138
135142
135143
135144
135146
135148
135151
126067
135154
126068
135158
135159
135160
135161
135163
135165
135167
135172
135174
135175
135176
135177
84416
135180
135183
135185
135186
126072
135190
135192
135193
135195
135198
135199
135200
126073
135204
135205
135207
84419
135210
135214
135218
126074
135222
135225
135227
135228
56947
135230
84424
135234
135236
135237
135240
126076
135243
135245
135247
135249
135250
135253
135254
135258
135261
135262
135264
135268
135269
135272
135276
135277
135278
135283
135284
135285
126078
135288
135291
135294
135297
135298
135299
135302
135303
56948
135305
84428
135308
135312
135314
135315
135319
135321
135323
135324
135327
126082
135329
135332
135333
135336
135338
135339
135341
135344
135346
126084
135350
135353
135354
135355
135358
135360
135362
135364
126088
135366
135368
134662
4496
135371
135374
135376
135380
37932
135384
135387
126092
135389
135391
135393
135395
135398
135400
135402
135403
135404
135407
135408
135412
135413
135417
135418
126093
135423
135424
135428
135429
135430
135434
135438
135439
135440
135442
135443
135446
135447
135452
135455
135456
135457
135461
135462
135463
135467
135468
56957
135470
135471
135474
135477
135480
135481
135485
135487
135488
135489
135490
135493
135497
84442
135501
135502
135505
135506
135508
135511
135512
135515
135516
135517
135518
135519
8884
84450
126099
135527
135529
135530
126100
135533
135535
135536
135539
135542
135545
126104
135547
135548
135550
135552
135555
135556
135557
135563
135564
135567
135568
56958
135571
135572
135574
135575
135576
135577
135584
135585
135587
135589
135591
135592
135593
135596
135598
84451
135602
126108
135604
135605
135607
135609
135612
135614
135618
135619
135620
135623
135624
135627
135629
135630
135634
135635
135636
84454
135639
126110
135642
8887
135648
135649
135651
135654
135658
135659
135660
135662
135663
135664
135668
135671
135675
135676
135678
135680
135681
135687
135688
37943
135690
135693
135694
135695
135696
135698
135699
135701
135706
135709
135710
135713
135715
135719
56961
135721
135722
135723
135724
135726
126111
135729
126113
135733
135735
135737
135739
135740
135743
135746
135747
135748
135752
135755
135758
135759
135760
135765
84460
135767
135768
135770
135772
135774
135775
135778
126117
135782
135785
135787
135790
135793
56967
135795
135796
135797
126119
126120
135802
135804
135806
135810
135813
135815
135816
135817
135818
135822
135825
135827
135828
135830
135831
135833
135835
135837
135839
135841
135846
135847
135848
135849
135852
56975
135854
84471
135858
135861
135862
135865
135866
135868
135869
126123
126125
84472
135876
135878
135880
135881
135883
135887
135890
135891
135894
135895
126126
135898
126127
84475
135901
135903
135904
135907
135911
135912
135914
135918
135919
135921
135922
135925
126129
135928
84479
135930
135932
135935
135937
126132
135941
135945
135946
135947
135949
135952
135954
135957
135959
135962
135963
135964
135965
135966
135968
135971
133982
4513
135979
135981
56976
84480
135986
135987
135989
135993
135994
135997
135998
136000
136004
126136
136008
84487
136014
136015
136016
136020
136021
136022
136026
126138
136030
84488
136033
136034
136035
136038
136039
136040
136042
126140
136048
136049
136051
136052
136057
136058
136060
136062
136063
136065
136067
136068
136075
136076
136077
136080
136082
136083
136085
136086
136092
136093
136095
136100
136101
136103
136104
136107
136112
136114
136116
136118
136121
136122
136124
136125
8890
136129
136131
136133
136135
136138
136139
136141
136142
37965
126146
136151
136154
126147
136156
136157
136158
136163
136164
136165
136169
136172
136173
136176
136177
136178
136181
136182
136186
136187
136188
84496
136193
136195
136196
136199
136201
136203
136205
136206
136208
136211
84497
136213
136214
136218
126149
136220
136223
56983
136228
136230
126150
136234
136235
136236
136238
136242
136246
136247
136249
136251
136253
136254
136257
136259
136260
136262
136266
136267
136268
136270
84504
136277
136278
136279
136281
136283
136285
126154
136289
136291
136295
136296
136298
136299
136301
8906
136305
136306
136307
136311
136313
37971
136316
136317
136319
136321
136322
84506
136325
136327
136328
136329
136330
126157
136335
136336
136337
136341
136344
126158
136346
136349
136352
136353
126162
136360
56992
136364
136365
136366
136370
136371
136372
84509
136376
136379
136381
136382
136383
136384
136388
136389
136390
136395
84513
136400
136401
136402
136403
136408
136409
136410
136411
136415
136416
136421
136423
126167
126168
136428
136429
136430
56994
84515
136435
136439
126169
136442
136445
126170
136448
136449
136453
136456
136457
136458
136461
84518
136466
136467
136468
136470
136471
126172
136475
136476
136479
126174
136482
136484
136488
136489
136490
136492
136494
136496
136500
136503
126177
136506
136507
136508
136509
136511
136514
136515
136518
136521
136524
136526
126178
136528
133948
136531
136532
133964
136535
136538
1869
136540
136543
8908
136545
136546
136548
37986
136552
136555
136556
136558
136559
136562
136563
136566
136569
136572
136574
136576
57001
136582
136583
136584
136587
136588
136589
136590
136594
136597
136599
136603
136604
136606
136609
136611
136612
136617
136619
136621
136622
136623
136624
84527
84529
136627
136631
136633
136634
136635
136640
136641
136643
136646
126182
136651
136652
136653
136655
136658
136659
136660
136663
136666
136668
136671
136672
57003
136675
136676
136679
136680
84530
136684
136688
136689
136691
136694
126187
136698
136700
136702
84534
136706
136707
126188
136709
136713
136714
136715
126189
136726
136727
57004
136732
84541
136736
126190
136743
136744
84544
136746
136747
136749
136751
136756
136760
136762
126194
136764
126196
136767
57009
136772
136773
136776
136777
136779
136781
136783
136785
126198
136792
136795
136797
136798
136799
136800
136801
136804
84547
136808
136809
136814
136815
136816
136817
136820
136823
126200
136827
136828
136829
136830
136831
136834
136836
136838
136841
136846
57013
136849
136850
136851
136853
136854
136855
136857
136860
57014
136864
84548
136866
136867
136869
136870
126203
136872
136874
136875
136878
136885
136886
136887
136888
136889
84552
136894
126205
126206
136900
136902
136903
126209
136908
136910
136914
136915
136916
136919
136922
136923
126213
136925
136927
57015
136929
136932
136934
84559
136938
136939
136940
136942
136945
136947
126214
136951
136954
136955
136956
136957
136958
84564
126217
136964
136966
136972
136973
136975
136977
136978
136979
126218
136982
136984
57018
126220
136990
136991
136992
126222
136995
136999
84570
137003
137005
137008
137009
137010
137012
137013
137015
126223
137020
137022
126225
137026
137027
8907
137030
8912
137034
137035
137037
84571
137042
137044
137045
137047
137051
137054
137055
84572
126229
137059
137062
137064
126230
137068
137070
84582
126232
137074
137076
126234
137080
137082
137083
126235
137085
137086
137088
126237
38013
137093
137096
137098
126239
137100
137102
137103
137104
137107
137108
137110
126241
137115
137117
137119
137121
137122
137126
137128
126242
137131
126243
137134
137136
137139
137142
84587
137145
137146
126244
137149
137152
137154
137155
126245
126253
137163
137164
137165
137166
137168
137169
126254
137171
137173
137175
137177
137178
137179
8928
137181
137183
57035
137185
137188
137190
137191
137192
137193
137194
137197
137198
137199
137200
137204
84595
137209
137213
126255
137216
137217
137218
126256
137224
137225
137226
137227
137228
137229
137230
137232
137237
137239
137240
137243
137245
137248
137250
137252
137255
137256
137258
137261
84596
137264
137266
137267
137271
137273
137274
137278
137279
137281
137284
137285
137287
137289
137290
137291
137295
137300
137303
126258
137305
137307
137308
137309
126261
137312
137314
137315
137316
57038
137318
137322
137325
137328
137331
137333
137334
137335
84598
137338
137341
137342
137343
84601
137346
137347
137349
137351
137356
137359
137361
137363
126265
137366
137367
137369
137371
137373
137377
137378
137379
137382
137383
126268
137385
137386
137391
137392
137393
137395
137397
137399
137400
137401
137403
137404
137406
137409
137410
137411
57041
137415
137416
137417
137420
137422
137423
137424
137426
137428
137429
137431
137433
84608
126272
137437
137438
137442
137443
126277
137446
137447
137448
137449
137452
137455
137456
137459
137460
137462
137463
137464
137466
137468
137470
137472
137473
137475
137476
137477
137479
137480
137485
137488
137491
137492
137494
126280
137496
137499
137501
137504
137506
137512
137513
137514
137516
137518
137519
137520
137521
137526
137529
126281
137533
137537
137538
137539
137541
137545
137546
137548
137550
137554
137555
137556
137557
137559
126285
133971
137570
137573
137574
137578
137579
137580
137584
137585
137589
137592
137595
137596
137599
137601
137602
137603
137604
137605
137611
38036
137615
137617
137618
137619
137621
137626
137628
137629
137633
137635
137636
137637
137641
137643
137644
137646
137649
137653
137654
137655
137656
137661
57054
137664
137667
137670
137675
137676
137677
137678
137680
137681
137684
137687
137688
84614
137691
137696
137698
137699
137701
137705
137706
137707
137709
137712
137713
126288
137718
137719
137720
137723
137727
137728
137734
137736
137737
137738
137741
137743
137744
137746
137747
137750
137754
137755
137760
137761
137764
137765
137766
137768
137771
137773
137776
137777
137780
137782
137783
137787
126289
137789
137794
137795
137798
137802
137805
137806
137807
137809
137811
137812
137816
137818
137819
137821
137822
137823
137828
137829
137833
137835
137836
137839
137842
137845
137846
137847
137848
126290
137851
137856
137858
137862
137864
137866
137867
137868
137870
137877
137878
137880
137881
137883
137884
137889
137891
137892
137895
137896
137898
137899
137902
84622
137906
137911
137914
137915
137916
137917
137919
137922
137924
137929
126296
137933
137934
137936
137937
137938
137939
137942
137944
137949
137951
137953
126297
137957
137958
137959
137964
137966
137969
137971
137972
137975
137979
137982
137983
137984
137986
137988
137989
137991
137992
137998
138000
138003
138004
138005
138009
138010
138014
138015
138018
138021
138023
138024
138027
138028
138031
138032
138035
138036
138037
84623
138047
138049
138050
138052
138054
138055
138058
138059
126301
138066
138068
138069
138072
138074
138075
138078
138080
138083
138086
138087
138090
138091
138092
138095
138096
126302
138100
138104
138106
138109
138110
138113
138115
138116
138118
138122
138126
138127
138128
138132
138133
138134
138135
138138
138140
138143
138146
138149
138150
138152
57055
138156
138157
138158
138162
138166
138167
138170
138173
138174
138177
138179
138181
138182
138186
138190
138192
138194
138195
138196
138198
138199
138201
84625
138209
138211
138212
138214
138217
138219
138221
138223
138226
138229
138230
138234
138235
126305
138239
138241
126306
138245
138246
138249
138251
138252
138258
138259
138260
138263
138267
138268
138270
138272
138274
138277
138279
138281
138282
138285
138286
138289
138290
138293
138295
138296
138297
138300
138304
138307
138308
138310
138313
138314
138315
138316
138319
138321
138324
138326
138330
138332
138333
138335
138336
138337
138340
138345
138347
138349
138351
138353
138354
138356
138359
138362
138365
138367
138368
138370
138371
138374
84626
138378
138383
138386
138388
126308
138391
138393
138395
138396
138398
138400
138404
138406
138410
138412
138413
138415
138417
138418
138419
138426
138427
138430
138431
138433
138435
138436
138437
138438
138444
138446
138447
138448
138449
126309
138453
138459
138462
138465
138467
138468
138470
138471
57057
138474
138475
138480
138481
138482
138484
138486
138488
138493
138494
138497
138498
138500
138502
138503
138504
138507
138514
138515
138517
138518
84630
138522
138523
138525
126314
138529
138532
138533
138534
138536
138539
84634
138543
138545
138547
138548
138550
138551
138553
138558
138559
138561
138563
138565
8933
138568
138571
38058
138574
138576
138578
138581
138583
138586
138587
138589
126320
138595
138599
138600
138601
138603
138606
138607
138608
138610
138612
138618
138620
126325
138625
138626
138628
138629
138632
138636
138639
138642
138643
138645
138647
138649
138651
138652
138656
138659
138660
138664
138665
138666
138668
138669
138672
138676
138678
138680
138683
138684
138687
138691
138692
138694
138696
138699
138701
138703
138704
138706
138709
138712
138714
138716
138718
138720
138724
138725
138726
138729
138732
138733
138734
138735
138737
138740
138742
138744
138745
138746
138747
138748
138749
138760
138761
126326
138764
138765
138766
138767
138768
138772
138776
138777
138778
138781
138783
138785
138786
138788
138791
138795
138797
138798
138799
138801
138803
138805
126328
138813
138816
138817
138818
138819
138821
138824
138826
138829
138833
138837
138838
138839
57059
138843
138846
138847
138850
138854
138855
138858
138859
138862
138865
138866
138869
138872
138873
138876
138877
138879
138880
138883
138886
138888
138891